1771349357917 21.98801064491272 1
1771349381286 23.334622621536255 2
1771349403011 21.711127996444702 3
1771349425280 22.25752019882202 4
1771349448687 23.396543502807617 5
1771349470598 21.897087335586548 6
1771349490184 19.57425308227539 7
1771349509859 19.662108182907104 8
1771349528896 19.023616313934326 9
1771349548842 19.932488441467285 10
1771349568581 19.722318172454834 11
1771349588167 19.57590651512146 12
1771349608114 19.935991525650024 13
1771349628116 19.990681886672974 14
1771349648763 20.63634729385376 15
1771349668907 20.131587266921997 16
