1771349357917 6.666666666666667e-05 1
1771349381286 0.0001 2
1771349403011 9.989392673459979e-05 3
1771349425280 9.957618068735207e-05 4
1771349448687 9.904818098923787e-05 5
1771349470598 9.83122858150829e-05 6
1771349490184 9.737178185137615e-05 7
1771349509859 9.623086961713037e-05 8
1771349528896 9.489464470334436e-05 9
1771349548842 9.336907501485662e-05 10
1771349568581 9.166097411623363e-05 11
1771349588167 8.97779708007364e-05 12
1771349608114 8.7728475018278e-05 13
1771349628116 8.552164031454551e-05 14
1771349648763 8.316732294904312e-05 15
1771349668907 8.067603787464438e-05 16
