1771349357917 0.9416384970852268 1
1771349381286 0.9044032697908807 2
1771349403011 0.9641592642674892 3
1771349425280 0.9324602821388218 4
1771349448687 0.9357878890869674 5
1771349470598 0.9398668803656982 6
1771349490184 0.9152265506062205 7
1771349509859 0.9659433914462304 8
1771349528896 0.9331435902168368 9
1771349548842 0.9285717518545193 10
1771349568581 0.9215485202160196 11
1771349588167 0.9349648147334012 12
1771349608114 0.9271615396086579 13
1771349628116 0.9406833574077649 14
1771349648763 0.9733939703669997 15
1771349668907 0.9644304871774774 16
