1771349357917 0.013055552772129886 1
1771349381286 0.015132710555917583 2
1771349403011 0.007871113375585992 3
1771349425280 0.013283256768772844 4
1771349448687 0.012633939229999669 5
1771349470598 0.011342097735905554 6
1771349490184 0.014481708109087776 7
1771349509859 0.006824606793088606 8
1771349528896 0.014589213835279224 9
1771349548842 0.013178183842683211 10
1771349568581 0.012636719649890438 11
1771349588167 0.012314240739215165 12
1771349608114 0.01263210606703069 13
1771349628116 0.012854135362431407 14
1771349648763 0.0075838162629224826 15
1771349668907 0.00892377626587404 16
