1771340774314 490.0 1
1771340794539 490.0 2
1771340815076 490.0 3
1771340833885 490.0 4
1771340852887 490.0 5
1771340872432 490.0 6
1771340891717 490.0 7
1771340910517 490.0 8
1771340929617 490.0 9
1771340948308 490.0 10
1771340967848 490.0 11
1771340987959 490.0 12
1771341007356 490.0 13
1771341026851 490.0 14
1771341046575 490.0 15
1771341065868 490.0 16
1771341085400 490.0 17
1771341104216 490.0 18
1771341124068 490.0 19
1771341142838 490.0 20
1771341161882 490.0 21
1771341181037 490.0 22
1771341199903 490.0 23
1771341218832 490.0 24
1771341238299 490.0 25
1771341257628 490.0 26
1771341276648 490.0 27
1771341295846 490.0 28
