1771340774314 20.549854040145874 1
1771340794539 20.19505262374878 2
1771340815076 20.526057243347168 3
1771340833885 18.794179439544678 4
1771340852887 18.971150398254395 5
1771340872432 19.534085273742676 6
1771340891717 19.259530067443848 7
1771340910517 18.788498401641846 8
1771340929617 19.071738958358765 9
1771340948308 18.66181206703186 10
1771340967848 19.53004789352417 11
1771340987959 20.09958839416504 12
1771341007356 19.384807586669922 13
1771341026851 19.476208686828613 14
1771341046575 19.71253228187561 15
1771341065868 19.2794291973114 16
1771341085400 19.521539211273193 17
1771341104216 18.80462884902954 18
1771341124068 19.839872360229492 19
1771341142838 18.75876235961914 20
1771341161882 19.03249740600586 21
1771341181037 19.144450187683105 22
1771341199903 18.853607654571533 23
1771341218832 18.913753986358643 24
1771341238299 19.454569578170776 25
1771341257628 19.317029237747192 26
1771341276648 19.0085232257843 27
1771341295846 19.18725895881653 28
