1771340774314 6.666666666666667e-05 1
1771340794539 0.0001 2
1771340815076 9.989392673459979e-05 3
1771340833885 9.957618068735207e-05 4
1771340852887 9.904818098923787e-05 5
1771340872432 9.83122858150829e-05 6
1771340891717 9.737178185137615e-05 7
1771340910517 9.623086961713037e-05 8
1771340929617 9.489464470334436e-05 9
1771340948308 9.336907501485662e-05 10
1771340967848 9.166097411623363e-05 11
1771340987959 8.97779708007364e-05 12
1771341007356 8.7728475018278e-05 13
1771341026851 8.552164031454551e-05 14
1771341046575 8.316732294904312e-05 15
1771341065868 8.067603787464438e-05 16
1771341085400 7.805891177526021e-05 17
1771341104216 7.532763337136748e-05 18
1771341124068 7.249440121534591e-05 19
1771341142838 6.957186920978186e-05 20
1771341161882 6.657309009206762e-05 21
1771341181037 6.35114571377076e-05 22
1771341199903 6.040064434269869e-05 23
1771341218832 5.7254545352144687e-05 24
1771341238299 5.408721140786455e-05 25
1771341257628 5.091278859213548e-05 26
1771341276648 4.7745454647855325e-05 27
1771341295846 4.459935565730132e-05 28
