1771340774314 0.014276179907028563 1
1771340794539 0.012604628835106269 2
1771340815076 0.00971496119746007 3
1771340833885 0.01170604991784785 4
1771340852887 0.012864794989582151 5
1771340872432 0.013624720406369306 6
1771340891717 0.016426340022007935 7
1771340910517 0.015024020409327932 8
1771340929617 0.010903266214882024 9
1771340948308 0.005662110292178113 10
1771340967848 0.013062192774668802 11
1771340987959 0.014961325432523154 12
1771341007356 0.013375027396250516 13
1771341026851 0.015247047282173298 14
1771341046575 0.012309300815104507 15
1771341065868 0.01315461946069263 16
1771341085400 0.013238950341474265 17
1771341104216 0.012007510449620895 18
1771341124068 0.009256986042601056 19
1771341142838 0.013760071378783323 20
1771341161882 0.014066747855395079 21
1771341181037 0.014170881157042459 22
1771341199903 0.01346745269256644 23
1771341218832 0.010137581564777065 24
1771341238299 0.00770681276844698 25
1771341257628 0.010544721000769641 26
1771341276648 0.01318366166378837 27
1771341295846 0.012586779062985443 28
