1771340774314 0.934228600285443 1
1771340794539 0.940595466101693 2
1771340815076 0.9571116446470839 3
1771340833885 0.938103547483469 4
1771340852887 0.9205305625102426 5
1771340872432 0.9357086801166354 6
1771340891717 0.9136078082400867 7
1771340910517 0.9055119887730452 8
1771340929617 0.9483395457530907 9
1771340948308 0.9876551866278884 10
1771340967848 0.9422408959436788 11
1771340987959 0.9175429978133743 12
1771341007356 0.9418892083447695 13
1771341026851 0.9268769469826452 14
1771341046575 0.9322846587142295 15
1771341065868 0.9216721053516941 16
1771341085400 0.9277912842748145 17
1771341104216 0.9334374732585432 18
1771341124068 0.9501953417757021 19
1771341142838 0.919261207005583 20
1771341161882 0.913798977540546 21
1771341181037 0.9011325002599434 22
1771341199903 0.9334061732136709 23
1771341218832 0.9520826971523147 24
1771341238299 0.9606961728689708 25
1771341257628 0.9450946105355302 26
1771341276648 0.912825303210401 27
1771341295846 0.9170649686267752 28
