1771332398550 1.0 1
1771332410725 1.0 2
1771332422225 1.0 3
1771332433202 1.0 4
1771332445132 1.0 5
1771332456556 1.0 6
1771332467756 1.0 7
1771332479142 1.0 8
1771332490180 1.0 9
1771332500327 1.0 10
1771332508720 1.0 11
1771332517811 1.0 12
1771332528507 1.0 13
1771332538931 1.0 14
1771332549461 1.0 15
1771332560363 1.0 16
1771332571035 1.0 17
1771332582299 1.0 18
1771332593124 1.0 19
1771332603902 1.0 20
1771332614764 1.0 21
1771332625972 1.0 22
1771332636736 1.0 23
1771332647403 1.0 24
1771332658663 1.0 25
1771332672949 1.0 26
1771332689861 1.0 27
1771332702200 1.0 28
1771332713240 1.0 29
1771332724755 1.0 30
1771332735995 1.0 31
1771332747118 1.0 32
1771332758185 1.0 33
1771332769469 1.0 34
1771332780512 1.0 35
1771332791836 1.0 36
1771332803118 1.0 37
