1771332398550 273.0 1
1771332410725 273.0 2
1771332422225 273.0 3
1771332433202 273.0 4
1771332445132 273.0 5
1771332456556 273.0 6
1771332467756 273.0 7
1771332479142 273.0 8
1771332490180 273.0 9
1771332500327 273.0 10
1771332508720 273.0 11
1771332517811 273.0 12
1771332528507 273.0 13
1771332538931 273.0 14
1771332549461 273.0 15
1771332560363 273.0 16
1771332571035 273.0 17
1771332582299 273.0 18
1771332593124 273.0 19
1771332603902 273.0 20
1771332614764 273.0 21
1771332625972 273.0 22
1771332636736 273.0 23
1771332647403 273.0 24
1771332658663 273.0 25
1771332672949 273.0 26
1771332689861 273.0 27
1771332702200 273.0 28
1771332713240 273.0 29
1771332724755 273.0 30
1771332735995 273.0 31
1771332747118 273.0 32
1771332758185 273.0 33
1771332769469 273.0 34
1771332780512 273.0 35
1771332791836 273.0 36
1771332803118 273.0 37
