1771332398550 12.30873155593872 1
1771332410725 12.13988447189331 2
1771332422225 11.488694906234741 3
1771332433202 10.968681335449219 4
1771332445132 11.91716480255127 5
1771332456556 11.413243055343628 6
1771332467756 11.17428469657898 7
1771332479142 11.357950925827026 8
1771332490180 11.001748085021973 9
1771332500327 10.113710403442383 10
1771332508720 8.382934331893921 11
1771332517811 9.081108093261719 12
1771332528507 10.667751550674438 13
1771332538931 10.398959159851074 14
1771332549461 10.500075578689575 15
1771332560363 10.874655723571777 16
1771332571035 10.641302824020386 17
1771332582299 11.240062952041626 18
1771332593124 10.761150360107422 19
1771332603902 10.767180442810059 20
1771332614764 10.833905935287476 21
1771332625972 11.177881479263306 22
1771332636736 10.735141038894653 23
1771332647403 10.655075550079346 24
1771332658663 11.249545335769653 25
1771332672949 14.274713277816772 26
1771332689861 16.896448612213135 27
1771332702200 12.321336269378662 28
1771332713240 11.025347471237183 29
1771332724755 11.505126714706421 30
1771332735995 11.230018854141235 31
1771332747118 11.111582279205322 32
1771332758185 11.055883169174194 33
1771332769469 11.27357792854309 34
1771332780512 11.032235860824585 35
1771332791836 11.313391208648682 36
1771332803118 11.271207332611084 37
