1771332398550 6.666666666666667e-05 1
1771332410725 0.0001 2
1771332422225 9.989392673459979e-05 3
1771332433202 9.957618068735207e-05 4
1771332445132 9.904818098923787e-05 5
1771332456556 9.83122858150829e-05 6
1771332467756 9.737178185137615e-05 7
1771332479142 9.623086961713037e-05 8
1771332490180 9.489464470334436e-05 9
1771332500327 9.336907501485662e-05 10
1771332508720 9.166097411623363e-05 11
1771332517811 8.97779708007364e-05 12
1771332528507 8.7728475018278e-05 13
1771332538931 8.552164031454551e-05 14
1771332549461 8.316732294904312e-05 15
1771332560363 8.067603787464438e-05 16
1771332571035 7.805891177526021e-05 17
1771332582299 7.532763337136748e-05 18
1771332593124 7.249440121534591e-05 19
1771332603902 6.957186920978186e-05 20
1771332614764 6.657309009206762e-05 21
1771332625972 6.35114571377076e-05 22
1771332636736 6.040064434269869e-05 23
1771332647403 5.7254545352144687e-05 24
1771332658663 5.408721140786455e-05 25
1771332672949 5.091278859213548e-05 26
1771332689861 4.7745454647855325e-05 27
1771332702200 4.459935565730132e-05 28
1771332713240 4.1488542862292404e-05 29
1771332724755 3.842690990793239e-05 30
1771332735995 3.542813079021815e-05 31
1771332747118 3.25055987846541e-05 32
1771332758185 2.967236662863252e-05 33
1771332769469 2.6941088224739802e-05 34
1771332780512 2.4323962125355627e-05 35
1771332791836 2.1832677050956884e-05 36
1771332803118 1.9478359685454488e-05 37
