1771332398550 0.014667519161270725 1
1771332410725 0.012731622542358108 2
1771332422225 0.01504153354714314 3
1771332433202 0.01807898355440961 4
1771332445132 0.015485088987689879 5
1771332456556 0.012247274888472425 6
1771332467756 0.01056903243685762 7
1771332479142 0.0197769437606136 8
1771332490180 0.0133745688945055 9
1771332500327 0.011829487229180004 10
1771332508720 0.011661997737569941 11
1771332517811 0.014361354988068342 12
1771332528507 0.016194795672264364 13
1771332538931 0.009853408697785603 14
1771332549461 0.01597702340222895 15
1771332560363 0.011184459267598059 16
1771332571035 0.014128374194519388 17
1771332582299 0.01543992517205576 18
1771332593124 0.013214010020924939 19
1771332603902 0.0125063953972939 20
1771332614764 0.010245147238795957 21
1771332625972 0.012212414475571778 22
1771332636736 0.009590196397362484 23
1771332647403 0.010764233017754223 24
1771332658663 0.011120870605938964 25
1771332672949 0.008113686254041063 26
1771332689861 0.013995627743295498 27
1771332702200 0.011753028672602441 28
1771332713240 0.010950942109856341 29
1771332724755 0.01588571547634072 30
1771332735995 0.015265609551635053 31
1771332747118 0.01690608790765206 32
1771332758185 0.01404361822642386 33
1771332769469 0.011828062046940127 34
1771332780512 0.015419977380790643 35
1771332791836 0.010863007563683722 36
1771332803118 0.014154961694859795 37
