1771332398550 0.9380233338014177 1
1771332410725 0.9341691276565011 2
1771332422225 0.9317928237165548 3
1771332433202 0.8948784485630623 4
1771332445132 0.9194628861010257 5
1771332456556 0.9432720954773163 6
1771332467756 0.9535427172408061 7
1771332479142 0.8776227171390831 8
1771332490180 0.9587801332500933 9
1771332500327 0.9335568154646563 10
1771332508720 0.960734566633226 11
1771332517811 0.9376402861995848 12
1771332528507 0.8959173892225883 13
1771332538931 0.9518049018295839 14
1771332549461 0.9237088901569708 15
1771332560363 0.9560620353816149 16
1771332571035 0.9091063051245641 17
1771332582299 0.8941492177683863 18
1771332593124 0.9361244356122826 19
1771332603902 0.938386445383867 20
1771332614764 0.9635419362311096 21
1771332625972 0.9367351370574389 22
1771332636736 0.9647596532204357 23
1771332647403 0.9675532306845336 24
1771332658663 0.9596302658968459 25
1771332672949 0.9627170663924306 26
1771332689861 0.9344861062249381 27
1771332702200 0.9186919274425646 28
1771332713240 0.9477537054167754 29
1771332724755 0.9218097766353415 30
1771332735995 0.9051559064872846 31
1771332747118 0.9212798511301433 32
1771332758185 0.9073247432506847 33
1771332769469 0.9401491142072474 34
1771332780512 0.9081858404205374 35
1771332791836 0.9618894052681901 36
1771332803118 0.907192830745485 37
