1771279137983 32.083640575408936 1
1771279166161 28.12959623336792 2
1771279187353 21.149367809295654 3
1771279212921 25.545596599578857 4
1771279239188 26.241968154907227 5
1771279266522 27.29915761947632 6
1771279290096 23.558070182800293 7
1771279321115 30.993457078933716 8
1771279349814 28.664621829986572 9
1771279376426 26.59406304359436 10
1771279399273 22.829692363739014 11
1771279421847 22.548609495162964 12
1771279445567 23.69453263282776 13
1771279481024 35.42634201049805 14
1771279511699 30.636861324310303 15
1771279534003 22.259664058685303 16
