1771279137983 6.666666666666667e-05 1
1771279166161 0.0001 2
1771279187353 9.989392673459979e-05 3
1771279212921 9.957618068735207e-05 4
1771279239188 9.904818098923787e-05 5
1771279266522 9.83122858150829e-05 6
1771279290096 9.737178185137615e-05 7
1771279321115 9.623086961713037e-05 8
1771279349814 9.489464470334436e-05 9
1771279376426 9.336907501485662e-05 10
1771279399273 9.166097411623363e-05 11
1771279421847 8.97779708007364e-05 12
1771279445567 8.7728475018278e-05 13
1771279481024 8.552164031454551e-05 14
1771279511699 8.316732294904312e-05 15
1771279534003 8.067603787464438e-05 16
