1771279137983 0.019814282034834225 1
1771279166161 0.017554663794322148 2
1771279187353 0.013970704180084996 3
1771279212921 0.009131922050275736 4
1771279239188 0.015967384472282395 5
1771279266522 0.015537274897926383 6
1771279290096 0.01571438963421517 7
1771279321115 0.008860255695051618 8
1771279349814 0.014902519553692805 9
1771279376426 0.010719315123019947 10
1771279399273 0.01022483677499824 11
1771279421847 0.011944403561453024 12
1771279445567 0.007770968445887168 13
1771279481024 0.015165042080399063 14
1771279511699 0.012461503760682212 15
1771279534003 0.014376284580470787 16
