1771279137983 0.8944621753654889 1
1771279166161 0.8952650180755567 2
1771279187353 0.9401728640580436 3
1771279212921 0.9666253857523621 4
1771279239188 0.9297878689202312 5
1771279266522 0.9221406465828809 6
1771279290096 0.9120990660178987 7
1771279321115 0.9684267152954473 8
1771279349814 0.9139844727434218 9
1771279376426 0.9611998194851966 10
1771279399273 0.970323155104777 11
1771279421847 0.9609173276680621 12
1771279445567 0.9718001966546358 13
1771279481024 0.912104068608131 14
1771279511699 0.9387758300970134 15
1771279534003 0.9509770447058503 16
