1771258547609 187.0 1
1771258560274 187.0 2
1771258571913 187.0 3
1771258584113 187.0 4
1771258596587 187.0 5
1771258609229 187.0 6
1771258623147 187.0 7
1771258635867 187.0 8
1771258649828 187.0 9
1771258663884 187.0 10
1771258677608 187.0 11
1771258691743 187.0 12
1771258705032 187.0 13
1771258718821 187.0 14
1771258731367 187.0 15
1771258745157 187.0 16
1771258759171 187.0 17
1771258773093 187.0 18
1771258787738 187.0 19
1771258800975 187.0 20
1771258814998 187.0 21
1771258827682 187.0 22
1771258840543 187.0 23
1771258852077 187.0 24
1771258865010 187.0 25
1771258877968 187.0 26
1771258891268 187.0 27
1771258904127 187.0 28
1771258916839 187.0 29
1771258930865 187.0 30
1771258943378 187.0 31
1771258955369 187.0 32
1771258966723 187.0 33
1771258979109 187.0 34
1771258991927 187.0 35
1771259005507 187.0 36
1771259018459 187.0 37
1771259030252 187.0 38
1771259041692 187.0 39
1771259054097 187.0 40
1771259066959 187.0 41
1771259078707 187.0 42
1771259090152 187.0 43
1771259102908 187.0 44
1771259114376 187.0 45
1771259125796 187.0 46
1771259137293 187.0 47
1771259149014 187.0 48
1771259160437 187.0 49
1771259171910 187.0 50
