1771258547609 13.935482501983643 1
1771258560274 12.618338584899902 2
1771258571913 11.622666597366333 3
1771258584113 12.186075448989868 4
1771258596587 12.449802875518799 5
1771258609229 12.627987623214722 6
1771258623147 13.879556655883789 7
1771258635867 12.673802375793457 8
1771258649828 13.923933506011963 9
1771258663884 14.012962579727173 10
1771258677608 13.684669494628906 11
1771258691743 14.086125373840332 12
1771258705032 13.249340534210205 13
1771258718821 13.718531131744385 14
1771258731367 12.502706289291382 15
1771258745157 13.776675939559937 16
1771258759171 13.997469186782837 17
1771258773093 13.877764701843262 18
1771258787738 14.60983943939209 19
1771258800975 13.195418357849121 20
1771258814998 13.986870050430298 21
1771258827682 12.646231889724731 22
1771258840543 12.82934832572937 23
1771258852077 11.520042896270752 24
1771258865010 12.898839235305786 25
1771258877968 12.946585655212402 26
1771258891268 13.282983303070068 27
1771258904127 12.84748911857605 28
1771258916839 12.696890354156494 29
1771258930865 14.011699438095093 30
1771258943378 12.49990177154541 31
1771258955369 11.943519830703735 32
1771258966723 11.341571569442749 33
1771258979109 12.37412714958191 34
1771258991927 12.784085512161255 35
1771259005507 13.538140296936035 36
1771259018459 12.936133623123169 37
1771259030252 11.757021427154541 38
1771259041692 11.428039312362671 39
1771259054097 12.393304347991943 40
1771259066959 12.843213558197021 41
1771259078707 11.735173225402832 42
1771259090152 11.430641651153564 43
1771259102908 12.734442234039307 44
1771259114376 11.453971147537231 45
1771259125796 11.40923547744751 46
1771259137293 11.483728885650635 47
1771259149014 11.709840536117554 48
1771259160437 11.409322500228882 49
1771259171910 11.432556867599487 50
