1771258547609 6.666666666666667e-05 1
1771258560274 0.0001 2
1771258571913 9.989392673459979e-05 3
1771258584113 9.957618068735207e-05 4
1771258596587 9.904818098923787e-05 5
1771258609229 9.83122858150829e-05 6
1771258623147 9.737178185137615e-05 7
1771258635867 9.623086961713037e-05 8
1771258649828 9.489464470334436e-05 9
1771258663884 9.336907501485662e-05 10
1771258677608 9.166097411623363e-05 11
1771258691743 8.97779708007364e-05 12
1771258705032 8.7728475018278e-05 13
1771258718821 8.552164031454551e-05 14
1771258731367 8.316732294904312e-05 15
1771258745157 8.067603787464438e-05 16
1771258759171 7.805891177526021e-05 17
1771258773093 7.532763337136748e-05 18
1771258787738 7.249440121534591e-05 19
1771258800975 6.957186920978186e-05 20
1771258814998 6.657309009206762e-05 21
1771258827682 6.35114571377076e-05 22
1771258840543 6.040064434269869e-05 23
1771258852077 5.7254545352144687e-05 24
1771258865010 5.408721140786455e-05 25
1771258877968 5.091278859213548e-05 26
1771258891268 4.7745454647855325e-05 27
1771258904127 4.459935565730132e-05 28
1771258916839 4.1488542862292404e-05 29
1771258930865 3.842690990793239e-05 30
1771258943378 3.542813079021815e-05 31
1771258955369 3.25055987846541e-05 32
1771258966723 2.967236662863252e-05 33
1771258979109 2.6941088224739802e-05 34
1771258991927 2.4323962125355627e-05 35
1771259005507 2.1832677050956884e-05 36
1771259018459 1.9478359685454488e-05 37
1771259030252 1.7271524981722016e-05 38
1771259041692 1.5222029199263605e-05 39
1771259054097 1.3339025883766398e-05 40
1771259066959 1.163092498514339e-05 41
1771259078707 1.0105355296655646e-05 42
1771259090152 8.769130382869628e-06 43
1771259102908 7.628218148623864e-06 44
1771259114376 6.687714184917118e-06 45
1771259125796 5.95181901076213e-06 46
1771259137293 5.423819312647949e-06 47
1771259149014 5.106073265400226e-06 48
1771259160437 5e-06 49
1771259171910 5e-06 50
