1771258547609 0.024346351933976013 1
1771258560274 0.01578938456562658 2
1771258571913 0.010621686970504621 3
1771258584113 0.017976772932646174 4
1771258596587 0.010863518497596184 5
1771258609229 0.013313229739045104 6
1771258623147 0.012560506739343206 7
1771258635867 0.012851795724903544 8
1771258649828 0.00968502830558767 9
1771258663884 0.012555470146859685 10
1771258677608 0.01791065651923418 11
1771258691743 0.01551643522301068 12
1771258705032 0.010429581006368002 13
1771258718821 0.010190776626889905 14
1771258731367 0.013513610077401003 15
1771258745157 0.012065654872761419 16
1771258759171 0.014071641761499146 17
1771258773093 0.00998896756209433 18
1771258787738 0.00670127070043236 19
1771258800975 0.012768965369711319 20
1771258814998 0.007513569939571123 21
1771258827682 0.015321569420242062 22
1771258840543 0.010810657404363155 23
1771258852077 0.009436936350539327 24
1771258865010 0.009763541786621014 25
1771258877968 0.012475855221661428 26
1771258891268 0.015272914509599408 27
1771258904127 0.011135408732419213 28
1771258916839 0.01515786450666686 29
1771258930865 0.007716723678944011 30
1771258943378 0.011531768133863807 31
1771258955369 0.004738411555687587 32
1771258966723 0.011921277929407855 33
1771258979109 0.005520112851324181 34
1771258991927 0.00890811977054303 35
1771259005507 0.01460884123419722 36
1771259018459 0.017891709227114916 37
1771259030252 0.01159695815294981 38
1771259041692 0.01109508591859291 39
1771259054097 0.01518404569166402 40
1771259066959 0.009231496679907044 41
1771259078707 0.008056942334709069 42
1771259090152 0.008363367174752057 43
1771259102908 0.008434571752635142 44
1771259114376 0.01210841532641401 45
1771259125796 0.01692211073047171 46
1771259137293 0.012324255347872773 47
1771259149014 0.012639671564102173 48
1771259160437 0.012543062485444048 49
1771259171910 0.01102569024078548 50
