1771258547609 0.8503801721725452 1
1771258560274 0.9322095849512889 2
1771258571913 0.9559691525817292 3
1771258584113 0.8999332318986495 4
1771258596587 0.9570394969070158 5
1771258609229 0.9417891290704814 6
1771258623147 0.9456010826775559 7
1771258635867 0.9423061680358065 8
1771258649828 0.9646492791482109 9
1771258663884 0.9398359004586943 10
1771258677608 0.9218991379480145 11
1771258691743 0.926599389845242 12
1771258705032 0.9531258219796944 13
1771258718821 0.9599668231839306 14
1771258731367 0.9062846736786963 15
1771258745157 0.9455266464183214 16
1771258759171 0.9121075238545598 17
1771258773093 0.9519129026751254 18
1771258787738 0.9646079691265488 19
1771258800975 0.9365386716329831 20
1771258814998 0.9659699849266975 21
1771258827682 0.9221668352047983 22
1771258840543 0.9453212856445128 23
1771258852077 0.9728240872947856 24
1771258865010 0.9471972107307822 25
1771258877968 0.9371930274688741 26
1771258891268 0.9320799497802265 27
1771258904127 0.9422755322116415 28
1771258916839 0.8926747609278355 29
1771258930865 0.9780369731040044 30
1771258943378 0.9531217104865428 31
1771258955369 0.99231504041381 32
1771258966723 0.9334609756247313 33
1771258979109 0.9828648885769924 34
1771258991927 0.9644427705183076 35
1771259005507 0.9376922662239391 36
1771259018459 0.8852521891916039 37
1771259030252 0.9497893911918384 38
1771259041692 0.9427735199300609 39
1771259054097 0.920471906749628 40
1771259066959 0.9575706364835125 41
1771259078707 0.9742337962861077 42
1771259090152 0.9689598271213729 43
1771259102908 0.9705844538379825 44
1771259114376 0.9397959997349402 45
1771259125796 0.9224117709793564 46
1771259137293 0.9288256713005861 47
1771259149014 0.9400371118881589 48
1771259160437 0.9375893981907251 49
1771259171910 0.9486933871407277 50
