1771337329133 24.02484369277954 1
1771337350142 20.97200608253479 2
1771337371857 21.701964139938354 3
1771337395263 23.393447637557983 4
1771337411226 15.948406457901001 5
1771337427393 16.156383752822876 6
1771337450316 22.90839385986328 7
1771337478031 27.664754629135132 8
1771337510658 32.60246920585632 9
1771337530855 20.17170739173889 10
1771337557971 27.103868007659912 11
1771337583318 25.32478618621826 12
1771337607773 24.43922758102417 13
1771337636204 28.38706946372986 14
1771337665111 28.892845392227173 15
1771337691061 25.931347608566284 16
