1771337329133 6.666666666666667e-05 1
1771337350142 0.0001 2
1771337371857 9.989392673459979e-05 3
1771337395263 9.957618068735207e-05 4
1771337411226 9.904818098923787e-05 5
1771337427393 9.83122858150829e-05 6
1771337450316 9.737178185137615e-05 7
1771337478031 9.623086961713037e-05 8
1771337510658 9.489464470334436e-05 9
1771337530855 9.336907501485662e-05 10
1771337557971 9.166097411623363e-05 11
1771337583318 8.97779708007364e-05 12
1771337607773 8.7728475018278e-05 13
1771337636204 8.552164031454551e-05 14
1771337665111 8.316732294904312e-05 15
1771337691061 8.067603787464438e-05 16
