1771337329133 0.012108010100200772 1
1771337350142 0.018987646993870535 2
1771337371857 0.010834284281979004 3
1771337395263 0.008655409351922572 4
1771337411226 0.012448312652607759 5
1771337427393 0.011795560992322863 6
1771337450316 0.015776763794322808 7
1771337478031 0.009089151467196643 8
1771337510658 0.013539564477590223 9
1771337530855 0.010372692765668035 10
1771337557971 0.008958484480778376 11
1771337583318 0.014768741279840469 12
1771337607773 0.012016671849414707 13
1771337636204 0.013306070305407047 14
1771337665111 0.012330590095371009 15
1771337691061 0.011327992907414835 16
