1771337329133 0.9459133260791681 1
1771337350142 0.8660963472262988 2
1771337371857 0.9430641885624128 3
1771337395263 0.9632121908582911 4
1771337411226 0.9151065724789337 5
1771337427393 0.9431802709714867 6
1771337450316 0.8987971756497407 7
1771337478031 0.9588549452912759 8
1771337510658 0.9446228118135913 9
1771337530855 0.9621527564393368 10
1771337557971 0.9486069490666623 11
1771337583318 0.9201201235497888 12
1771337607773 0.9529706862194989 13
1771337636204 0.9318862614284499 14
1771337665111 0.945139360812765 15
1771337691061 0.947881708519638 16
