1771334626515 14.25614070892334 1
1771334640431 13.814382076263428 2
1771334651874 11.430954694747925 3
1771334662273 10.389344692230225 4
1771334672831 10.546475410461426 5
1771334687271 14.426929950714111 6
1771334703130 15.846547365188599 7
1771334716221 13.0783109664917 8
1771334730241 14.007556200027466 9
1771334745656 15.39965295791626 10
1771334762454 16.779810190200806 11
1771334776365 13.898889303207397 12
1771334789519 13.14383316040039 13
1771334799436 9.906291484832764 14
1771334812398 12.952725172042847 15
1771334826577 14.166640758514404 16
