1771334626515 6.666666666666667e-05 1
1771334640431 0.0001 2
1771334651874 9.989392673459979e-05 3
1771334662273 9.957618068735207e-05 4
1771334672831 9.904818098923787e-05 5
1771334687271 9.83122858150829e-05 6
1771334703130 9.737178185137615e-05 7
1771334716221 9.623086961713037e-05 8
1771334730241 9.489464470334436e-05 9
1771334745656 9.336907501485662e-05 10
1771334762454 9.166097411623363e-05 11
1771334776365 8.97779708007364e-05 12
1771334789519 8.7728475018278e-05 13
1771334799436 8.552164031454551e-05 14
1771334812398 8.316732294904312e-05 15
1771334826577 8.067603787464438e-05 16
