1771334626515 0.8896778160023495 1
1771334640431 0.8524781349513815 2
1771334651874 0.9034525243794838 3
1771334662273 0.8886934868813708 4
1771334672831 0.8461318128307364 5
1771334687271 0.9124499035194402 6
1771334703130 0.9058690882527703 7
1771334716221 0.8583676263027771 8
1771334730241 0.904305382584003 9
1771334745656 0.8858272974619057 10
1771334762454 0.893647750946727 11
1771334776365 0.9205336927335408 12
1771334789519 0.8938789326146493 13
1771334799436 0.8817635656072111 14
1771334812398 0.886508120304053 15
1771334826577 0.9309242522582073 16
