1771334626515 0.024386438287117264 1
1771334640431 0.027712421830404888 2
1771334651874 0.019831181419166653 3
1771334662273 0.02234535063193603 4
1771334672831 0.026584378485991197 5
1771334687271 0.02001397201622074 6
1771334703130 0.020497508939694275 7
1771334716221 0.0224483720111576 8
1771334730241 0.02028854318301786 9
1771334745656 0.02029945184900002 10
1771334762454 0.01729087137871168 11
1771334776365 0.015505429949950088 12
1771334789519 0.018236066638068718 13
1771334799436 0.018220408353954554 14
1771334812398 0.02182368959554217 15
1771334826577 0.016049696640534836 16
