1771247452459 12.336513757705688 1
1771247464924 12.417518138885498 2
1771247472428 7.486412048339844 3
1771247479363 6.9215381145477295 4
1771247486174 6.796405553817749 5
1771247497119 10.929851055145264 6
1771247505134 7.98427152633667 7
1771247513005 7.855156183242798 8
1771247519385 6.368175506591797 9
1771247525681 6.283808946609497 10
1771247532175 6.480402946472168 11
1771247538832 6.643373966217041 12
1771247545499 6.65263819694519 13
1771247552261 6.7510085105896 14
1771247558618 6.346844673156738 15
1771247564070 5.439700126647949 16
