1771247452459 6.666666666666667e-05 1
1771247464924 0.0001 2
1771247472428 9.989392673459979e-05 3
1771247479363 9.957618068735207e-05 4
1771247486174 9.904818098923787e-05 5
1771247497119 9.83122858150829e-05 6
1771247505134 9.737178185137615e-05 7
1771247513005 9.623086961713037e-05 8
1771247519385 9.489464470334436e-05 9
1771247525681 9.336907501485662e-05 10
1771247532175 9.166097411623363e-05 11
1771247538832 8.97779708007364e-05 12
1771247545499 8.7728475018278e-05 13
1771247552261 8.552164031454551e-05 14
1771247558618 8.316732294904312e-05 15
1771247564070 8.067603787464438e-05 16
