1771247452459 0.7118300028162288 1
1771247464924 0.8470243381836365 2
1771247472428 0.8411643048378216 3
1771247479363 0.8916382535387894 4
1771247486174 0.9254130406394365 5
1771247497119 0.8673996874988608 6
1771247505134 0.9415672051190837 7
1771247513005 0.911281863598799 8
1771247519385 0.9160826345177079 9
1771247525681 0.9754971607626153 10
1771247532175 0.9527008136255747 11
1771247538832 0.9316978918873384 12
1771247545499 0.9565865447197289 13
1771247552261 0.9301540118961449 14
1771247558618 0.7986395940719898 15
1771247564070 0.904891283980804 16
