1771247452459 0.030775892175734045 1
1771247464924 0.027133085764944553 2
1771247472428 0.02342359721660614 3
1771247479363 0.016954118851572275 4
1771247486174 0.01873940657824278 5
1771247497119 0.017432154295966028 6
1771247505134 0.011919508315622806 7
1771247513005 0.01585944932885468 8
1771247519385 0.01483371565118432 9
1771247525681 0.014275201549753546 10
1771247532175 0.011394054256379604 11
1771247538832 0.01454412154853344 12
1771247545499 0.009549652971327306 13
1771247552261 0.014938804227858782 14
1771247558618 0.029025133326649667 15
1771247564070 0.016448292322456835 16
